Template: NONE
CeilingDrips: 0
RainIntensity: 0
RumbleIntensity: 0
WaveSpeed: 0.51
WaveLength: 1
WaveAmplitude: 0.0001
SecondWaveLength: 1
SecondWaveAmplitude: 0.0001
Clouds: 0.01086957
Grime: 0.2065217
BkgDroneVolume: 0.2565218
Palette: 0
EffectColorA: 2
EffectColorB: 8
Effects: HeatWave-0.1413043-20-20, 
PlacedObjects: CustomDecal><1989.353><221.1145><-2~257.8638~-895.8469~265.8638~-745.8469~-22~-1073~73~0.3152174~0.8043478~0~WetWhite~0.5543478~0.2173913~0~0.2173913~0.6304348~0.6739131~0~0.6413044, CustomDecal><1190.908><31.37701><-19~494.0366~673.0366~444.0366~719.0366~0~-278~174~0.3043478~1~0~RunningWhite~0.3478261~1~0.3478261~1~0.3478261~1~0.3478261~1, CustomDecal><1297.608><216.6685><-12~241.7543~645.6666~256.7543~639.6666~19~-320~-200~0.3043478~1~0~UNQ - Blubber King~0.5978261~1~0.2391304~1~0.3913043~1~0.3913043~1, CustomDecal><1796.928><285.1865><0~143~157~174~170~7~-980~30~0.3043478~0.3478261~0~WhiteTag11(Bubbly)~1~0~1~0~1~0.75~0.423913~0.5434783, CustomDecal><1508.865><267.6631><0~71.00603~118.1445~71.00603~118.1445~0~-630~24~0~1~0~WhiteTag9~0.6304348~0~0.3369565~0~0.4891304~0.423913~0.4565217~0.6847826, CustomDecal><2145.052><92.77469><-9~503~-897~489~-736~1~-1183~253~0.2608696~0.4130435~0~Rust2~1~1~1~1~1~1~0.4565217~1, CustomDecal><1128.922><292.0657><0~139~110~140~105~9~-213~33~0.326087~1~0~BlackCloud~0.6304348~0.2391304~0.5652174~0~0.4130435~0.6521739~0.3804348~0.6521739, CustomDecal><465.9324><236.6678><4~65~319~90~334~0~-256~-480~0.3043478~0.423913~0~YCIO~0.3695652~0.1304348~0.3586957~0.2717391~0.9347826~0.9456522~0~1, CustomDecal><421.842><230.3773><0~74~213~82~217~13~58~-480~0.3152174~0.4891304~0~WhiteTag5~1~0.2934783~0.7173913~0.2934783~0.4021739~0.6086956~0.6086956~0.9673913, CustomDecal><1375.547><155.1945><10~179~452~225~457~-9~-496~74.00002~0~0.1630435~0~RunningWhite~0.8804348~1~1~1~0~1~0~1, GoldToken><1734.266><320.8007><21~-62~-211~158~0~SU~~0~0~0, DeadTokenStalk><1369.21><338.3041><-32~-58, DeadTokenStalk><1803.871><341.153><7~-58, DeadTokenStalk><422.4236><324.9006><-34~-60, DeadTokenStalk><351.645><324.6378><12~-56, BlueToken><740.3059><301.2018><18~-62~-72~-363~1~DangleFruit~White|Yellow|Red|Rivulet|Artificer|Spear|Gourmand~0~0~0, SteamPipe><655.6222><400.4039><-34~-40, SteamPipe><377.6046><408.3873><59~-57, SteamPipe><375.95><406.2522><-8~-21, 
AmbientSounds: OMNI><SO_WAT-DripTap.ogg><655.3223><640.6583><0.3804348><1, SPOT><waterGurgleLOOP1.wav><767.7476><550.55><0.3695652><1><2028.748><403.55><-31.35535><-130.3553><0><0.2739132, OMNI><SO_WAT-LilDrips.ogg><479.178><638.9089><0.173913><1, OMNI><AM_ENV-NatWind.ogg><834.3345><644.6122><0.2934783><1, SPOT><SO_IND-HeatDuct.ogg><773.4325><425.0818><0.3804348><1><495.4325><547.0818><-31.35535><-130.3553><0><0.5347828, 
FadePalette: 8, 0.3369565, 0.4673913
WetTerrain: OFF
