DangerType: Blizzard
CeilingDrips: 0
RainIntensity: 0.4565217
RumbleIntensity: 0.2934783
WaveSpeed: 0.5075839
WaveLength: 0.8820776
WaveAmplitude: 0.02282608
SecondWaveLength: 1
SecondWaveAmplitude: 0.0001
Clouds: 0.875
Grime: 0
BkgDroneVolume: 0
Palette: 33
Effects: FireFlies-0.2826087-20-20, 
PlacedObjects: Mushroom><629.3832><204.3377><53~-182~2~3, Mushroom><607.1377><208.3271><78~-246~2~3, VoidSpawnEgg><401.8066><344.3011><-358~123~2~3~1, SlimeMold><79.69525><635.6923><-95.99988~-63~2~3, SlimeMold><43.96021><647.554><-57~-122~2~3, SlimeMold><101.6913><343.0585><-284~-95~2~3, SlimeMold><81.6051><372.4201><-268~21~2~3, CosmeticSlimeMold><86.95081><645.8062><0~100, CosmeticSlimeMold><143.4265><366.5942><-6~107, CosmeticSlimeMold><475.1926><95.05409><-173~0, LightFixture><481.4493><99.80653><SlimeMoldLight~-203.6795~-161~40, LightFixture><75.85583><617.8303><SlimeMoldLight~-188.6795~-152~88, LightFixture><129.1509><372.3688><SlimeMoldLight~17.32051~-10~46, SlimeMold><874.6914><464.0588><-333~-159~2~3, SlimeMold><838.8569><462.3897><-30~-88~2~3, CosmeticSlimeMold><381.0609><86.69051><-121~36, CosmeticSlimeMold><840.4408><508.8099><-69~41, LightFixture><856.8096><505.0613><SlimeMoldLight~6.320557~97~50, SlimeMold><442.9284><86.38506><-446~-72~2~3, SlimeMold><475.1761><84.15532><-459~-132~2~3, SnowSource><226.0786><673.816><Radial~218~23~50~86.60254~1~0, SnowSource><190.8241><371.1858><Radial~0~100~50~86.60254~1~0, SnowSource><749.7572><534.8001><Radial~248~87~50~86.60254~1~0, SnowSource><489.3079><251.4444><Radial~25~163~50~86.60254~1~0, LightSource><446.232><372.9492><0.326087~White~553~141~50~86.60254~0~0~None~0~0, SnowSource><289.0138><72.69951><Radial~82~55~50~86.60254~0.4130435~0, SnowSource><771.1296><141.8403><Radial~13~74~50~86.60254~1~1, SnowSource><698.021><79.80109><Strip~174~21~50~86.60254~0.3695652~0, 
AmbientSounds: OMNI><AM_ENV-CityTone.ogg><764.95><568.0025><0.4456522><0.8630434, SPOT><AM_WIN-SubWnd.ogg><867.8516><323.384><0.4456522><1><801.8516><582.384><-256.3553><-35.35535><0><0.502174, SPOT><AM_WIN-MedWind.ogg><250.0099><175.5502><0.4130435><0.9217392><201.0099><567.5502><-192.3553><-132.3553><0><0.3391306, 
FadePalette: 10, 0.4565217
WetTerrain: OFF
