DangerType: Blizzard
CeilingDrips: 0
RainIntensity: 0.4021739
RumbleIntensity: 0.2826087
WaveSpeed: 0.5054507
WaveLength: 0.8967311
WaveAmplitude: 0.02010869
SecondWaveLength: 1
SecondWaveAmplitude: 0.0001
Clouds: 0.875
Grime: 0
BkgDroneVolume: 0
Palette: 37
Effects: FireFlies-0.1521739-20-20, 
PlacedObjects: SnowSource><44.0849><505.137><Radial~296~91~50~86.60254~1~0.7826087, SnowSource><561.191><627.3089><Radial~240~18~50~86.60254~1~0, SnowSource><765.0499><311.498><Radial~146~26~50~86.60254~1~0, SnowSource><1085.826><559.9009><Radial~212~73~50~86.60254~1~0, SnowSource><1349.554><347.7886><Radial~200~95~50~86.60254~0.3913043~0.3695652, SnowSource><1516.39><681.8574><Radial~215~-27~37~-314.3975~1~0, LightSource><1192.301><444.0209><0.326087~White~488~88~50~86.60254~0~0~None~0~0, LightSource><751.7542><310.95><0.3369565~White~323~44~50~86.60254~0~0~None~0~0, LightSource><246.1171><357.3379><0.3369565~White~347~95~50~86.60254~0~0~None~0~0, LightSource><815.1832><576.3115><0.3695652~White~-141~-153~50~86.60254~0~0~None~0~0, SnowSource><128.5181><136.1992><Radial~0~100~50~86.60254~1~1, SnowSource><970.8856><153.3991><Radial~-41~103~50~86.60254~1~1, SnowSource><1318.946><95.80748><Radial~10~66~50~86.60254~0.6413044~1, SnowSource><1773.108><312.3317><Strip~287~23~50~86.60254~0.8478261~0, SnowSource><1720.317><333.8115><Radial~0~100~50~86.60254~0.9565217~0, SnowSource><1736.449><86.26353><Radial~149~31~50~86.60254~0.4021739~0, SnowSource><1795.578><577.6028><Strip~237~79~4~-164.3975~0.4456522~0, SnowSource><1527.112><57.64465><Radial~0~100~50~86.60254~0.3152174~0, 
AmbientSounds: OMNI><AM_ENV-CityTone.ogg><733.8201><565.0873><0.5217391><0.9217392, OMNI><AM_WIN-SubWnd.ogg><751.8786><206.659><0.4782609><1, SPOT><AM_WIN-MedWind.ogg><46.63391><400.8371><0.3478261><1><1268.634><524.8372><-243.3553><-264.3553><0><0.1978261, SPOT><AM_WIN-MedWind.ogg><47.58264><516.6096><0.3586957><0.9608696><364.5826><561.6096><-216.3553><-76.35535><0><0.2956522, 
FadePalette: 10, 0.7282609, 0.7282609
WetTerrain: OFF
