DangerType: Blizzard
CeilingDrips: 0
RainIntensity: 0.02173913
RumbleIntensity: 0.01086957
WaveSpeed: 0.4999829
WaveLength: 0.9945567
WaveAmplitude: 0.001086956
SecondWaveLength: 1
SecondWaveAmplitude: 0.0001
Clouds: 0.875
Grime: 0.2717391
BkgDroneVolume: 0
Palette: 18
EffectColorB: 10
Effects: FireFlies-0.7391304-0-0, LightBurn-0.7391304-0-0, 
PlacedObjects: CustomDecal><32.59174><464.1277><-48~178~424~199~346~-36~-103~-611~0.2173913~0.4891304~0~SquidSoup(B&W)~0~0.5652174~0.4347826~0.5652174~0.1521739~0.5652174~0~0.5652174, SnowSource><289.818><616.5619><Radial~-277~-1~50~86.60254~0.8695652~1, SnowSource><561.8547><589.3875><Radial~-255~92~-301~-33.39746~0.7608696~0.8695652, SnowSource><1111.573><463.4089><Radial~336~48~50~86.60254~0.2717391~0, SnowSource><1769.177><646.9077><Radial~622~122~50~86.60254~1~0.5652174, SnowSource><2276.879><431.3401><Radial~0~100~50~86.60254~1~0, SnowSource><2842.752><718.7><Radial~543~142~50~86.60254~0.4347826~0, LocalBlizzard><586.8849><702.3976><-384~73~59~-146.3975~0.4130435~0.5~0.7608696, LocalBlizzard><1203.971><663.6979><-442~-23~-42~-314.3975~0.3804348~0.5543478~0.75, LocalBlizzard><1903.438><556.0599><-394~-144~-318~-145.3975~0.2934783~0.2065217~0.75, 
AmbientSounds: OMNI><AM_ENV-CityTone.ogg><830.6611><650.8209><0.5217391><0.8043478, OMNI><AM_WIN-SubWnd.ogg><831.3472><574.629><0.4130435><1, SPOT><AM_WIN-StrongWnd2.ogg><831.7679><171.0508><0.3043478><1><2135.768><336.0508><-335.3553><-58.35535><0><0.6869566, SPOT><OM.wav><723.6227><479.3421><0.1630435><1><2576.623><456.3421><-76.35535><-54.35535><0><0.2847827, SPOT><AM_ENV-NatWind.ogg><64.43103><98.83505><0.4782609><1><91.43103><548.8351><-167.3553><29.64465><0><0.3826087, OMNI><AM_ENV-LightWind.ogg><652.175><650.0968><0.3913043><0.8043478, 
FadePalette: 10, 0.7282609, 0.9021739, 0.9456522
WetTerrain: OFF
