DangerType: Blizzard
CeilingDrips: 0
RainIntensity: 1
RumbleIntensity: 0
WaveSpeed: 0.5334524
WaveLength: 0.7332738
WaveAmplitude: 0.04999999
SecondWaveLength: 1
SecondWaveAmplitude: 0.0001
Clouds: 0.875
Grime: 0
BkgDroneVolume: 0
Palette: 37
Effects: FireFlies-0.1521739-20-20, 
PlacedObjects: VoidSpawnEgg><723.3687><238.3391><204~145.9921~2~3~0, VoidSpawnEgg><1441.851><256.1168><-514~170~2~3~0, VoidSpawnEgg><2537.342><319.8226><147~154~2~3~0, BlueToken><127.6508><307.8687><-2~-51~0~0~1~LanternMouse~Saint~0~0~0~0, SnowSource><226.1524><210.4246><Radial~0~100~-213~236.6025~1~0.6413044, SnowSource><462.4077><171.8769><Radial~0~100~50~86.60254~1~1, SnowSource><714.7207><185.5522><Radial~0~100~212.9965~186.6025~1~1, SnowSource><940.1274><158.0959><Radial~-1~92~-15~321.6025~1~1, SnowSource><1210.158><177.1229><Radial~85~27~-284~281.6025~1~1, SnowSource><1676.194><159.3079><Radial~0~100~-211~34.60255~1~0, SnowSource><1443.26><170.6997><Radial~0~100~-518~244.6026~1~1, SnowSource><1679.098><319.0759><Radial~0~100~50~86.60254~1~0, SnowSource><1905.928><155.3419><Radial~0~92~50~86.60254~1~0.6630435, SnowSource><2164.802><154.8068><Radial~5~86~50~86.60254~1~0.5652174, SnowSource><2406.162><163.4293><Radial~0~87~50~86.60254~1~0, SnowSource><2646.186><157.0748><Radial~0~100~50~86.60254~1~1, SnowSource><2653.813><332.5714><Radial~0~100~50~86.60254~1~0, LightSource><2181.154><142.378><0.5869565~White~154~56~177~-191.3974~0~0~None~0~0, LightBeam><2332.219><115.3024><-2~302~158~302~160~0~547~-145~0.7043484~0.6956522~0~0~None~0~0, LightSource><2407.414><146.364><0.5869565~White~151~49~10~-134.3975~0~0~None~0~0, LightSource><2664.845><143.7072><0.5869565~White~122~99~50~86.60254~0~0~None~0~0, LightBeam><2576.333><114.9397><0~307~165~307~163~0~362~31~0.7043484~0.6956522~0~0~None~0~0, LightBeam><2092.879><123.59><0~299~174~298~173~0~322~-4~0.7043477~0.6956522~0~0~None~0~0, LightSource><1934.878><159.0964><0.5869565~White~21~160~-65~357.6025~0~0~None~0~0, LightBeam><1855.09><118.6302><0~303~162~303~162~0~236~-54~0.7043477~0.6956522~0~0~None~0~0, LightSource><964.78><153.3023><0.173913~White~19~159~50~86.60254~0~0~None~0~0, LightSource><1210.427><156.4363><0.2608696~White~10~159~50~86.60254~0~0~None~0~0, LightSource><1441.315><158.175><0.3478261~White~91~130~50~86.60254~0~0~None~0~0, LightSource><1680.585><153.0688><0.4673913~White~118~119~50~86.60254~0~0~None~0~0, LightBeam><1066.733><115.4498><1~318~890~318~890~0~80~-141~0.7260868~0.6956522~0~0~None~0~0, LightSource><-224.3146><233.8251><0~Environment~0~100~50~86.60254~1~0~None~0~0, LightSource><227.8571><142.1399><0.1956522~White~39~157~50~86.60254~0~0~None~0~0, LightSource><457.6968><140.0572><0.1956522~White~167~2~50~86.60254~0~0~None~0~0, LightSource><716.5569><136.9479><0.1956522~White~172~23~50~86.60254~0~0~None~0~0, 
AmbientSounds: SPOT><AM_WIN-SubWnd.ogg><94.33112><495.1071><0.4021739><0.9217392><2563.331><301.1071><-173.3553><-73.35535><0><0.502174, SPOT><AM_WIN-SubWnd.ogg><96.91553><375.3877><0.3913043><0.9804348><1793.916><309.3877><-215.3553><-93.35535><0><0.4804349, OMNI><AM_ENV-CityTone.ogg><830.6707><651.1044><0.5217391><1, OMNI><SO_WAT-LilDrips.ogg><650.8006><662.7655><0.3043478><1, SPOT><AM_WIN-SubWnd.ogg><736.1031><486.3858><0.3695652><1><526.1031><281.3858><-171.3553><-80.35535><0><0.2847827, 
FadePalette: 10, 0.9673913, 0.8586956, 0.7934783
WetTerrain: OFF
