DangerType: Blizzard
CeilingDrips: 0
RainIntensity: 0.1413043
WaveSpeed: 0.5006776
WaveLength: 0.9643351
WaveAmplitude: 0.007065213
SecondWaveLength: 1
SecondWaveAmplitude: 0.0001
Clouds: 0.875
Grime: 0
BkgDroneVolume: 0
Palette: 18
Effects: FireFlies-0.1630435-20-20, 
PlacedObjects: FlareBomb><430.5748><143.5966><-513~296~2~3, FlareBomb><311.8351><185.6132><-423~349~2~3, FlareBomb><398.3519><178.3656><-473~173~2~3, BlueToken><2784.904><147.8247><27~-43~98~-110~1~Spider~Saint~0~0~0~0, DeadTokenStalk><2820.175><178.4353><27~-40, Filter><290.616><184.6484><3~62~227~-99.01448~Spear|Cloistered, Filter><431.7559><166.7><3~63~278~83~Artificer|Spear, SnowSource><155.4032><658.1285><Radial~165~24~50~86.60254~1~0, SpotLight><-305.6916><210.4427><0~40~40~40~40~0, SnowSource><390.3631><618.8958><Radial~0~100~50~86.60254~1~0, SnowSource><594.1044><662.0794><Radial~159~37~50~86.60254~1~0, SnowSource><781.1995><624.2648><Radial~106~-34~50~86.60254~1~0, SnowSource><929.9442><627.9421><Radial~0~100~50~86.60254~1~0, SpotLight><-309.9316><208.8121><0~40~40~40~40~0, SnowSource><1174.499><704.2><Radial~239~-57~50~86.60254~1~0, SnowSource><1467.392><664.9181><Radial~191~1~50~86.60254~1~0, SnowSource><1830.935><696.4233><Radial~194~39~50~86.60254~1~0, SnowSource><2266.397><720.1713><Radial~317~-21~50~86.60254~1~0, SnowSource><2723.812><539.0687><Radial~361~69~50~86.60254~0.9130435~1, SnowSource><2256.821><403.0897><Radial~8~110~50~86.60254~0.3804348~0, SnowSource><1930.563><314.4284><Radial~424~178~50~86.60254~1~0, SnowSource><2508.2><106.7488><Radial~77~269~50~86.60254~0.2826087~0.4347826, SnowSource><1143.941><439.8099><Radial~270~118~50~86.60254~1~0, SnowSource><388.5541><219.2904><Radial~0~100~-123~182.6025~1~0, SnowSource><595.3079><391.3085><Radial~-319~39~69~27.60254~0.3152174~0, 
AmbientSounds: OMNI><AM_ENV-CityTone.ogg><821.6998><622.0079><0.3913043><0.7847826, OMNI><AM_WIN-SubWnd.ogg><637.1885><632.6831><0.3043478><1, SPOT><AM_WIN-StrongWnd2.ogg><818.9049><340.3735><0.3695652><1><2856.905><623.3735><-229.3553><22.64465><0><0.6652175, SPOT><AM_IND-ElectricHum01.ogg><765.6458><38.82928><0.1847826><1><2227.646><96.82928><-60.35535><-65.35535><0><0.3500001, SPOT><AM_IND-ElectricHum02.ogg><38.55603><288.308><0.1956522><0.8826087><1945.556><99.30798><-64.35534><-27.35535><0><0.3934782, SPOT><OM.wav><725.9493><473.4838><0.173913><1><612.9493><165.4838><-174.3553><-48.35535><0><0.3826088, 
FadePalette: 10, 0.9673913, 0.9021739, 0.8369565
WetTerrain: OFF
