Template: NONE
DangerType: None
CeilingDrips: 0
RainIntensity: 0
WaveSpeed: 0.5
WaveLength: 1
WaveAmplitude: 1.660849E-19
SecondWaveLength: 1
SecondWaveAmplitude: 0.0001
Clouds: 0.875
Grime: 0.0326087
BkgDroneVolume: 0
Palette: 11
Effects: VoidSpawn-0.25-20-20, HeatWave-0.7717391-19-74, 
PlacedObjects: ReliableSpear><3781.631><74.58911><, ReliableSpear><3743.879><64.84729><, KarmaFlower><2416.434><248.8111><0~0~5~7, LillyPuck><1688.195><150.1924><0~0~2~3, LillyPuck><1820.312><155.81><0~0~2~3, LillyPuck><1341.821><156.0892><0~0~2~3, Filter><1594.176><241.0948><-144~332~0~0~Red|Artificer|Spear|Gourmand, Vine><793.4305><146.086><229~245, Vine><1000.081><382.6828><619~169, Vine><1622.806><530.442><312~1, Vine><3053.164><526.8192><283~-2, Vine><3871.385><193.6028><-135~230, 
AmbientSounds: SPOT><SO_WAT-LilDrips.ogg><103.6144><11.336><0.3043477><1><68.61444><313.336><-206.3553><-82.35535><0><0.4152175, SPOT><SO_NAT-LilDrips.ogg><796.8052><560.5455><0.2826087><1><649.8052><209.5455><-164.3553><-13.35535><0><0.4478262, SPOT><AM_WIN-SubWnd.ogg><801.6176><210.1617><0.4021739><0.823913><1490.618><485.1617><-224.3553><19.64465><0><0.7086958, SPOT><SO_NAT-LilDrips.ogg><800.5406><435.9459><0.3478261><1><2280.541><168.9459><-230.3553><-52.35535><0><0.6000001, SPOT><SO_WAT-MoreDrips.ogg><796.0509><319.0187><0.3043478><1><2700.051><103.0187><-172.3553><12.64465><0><0.4369566, SPOT><SO_WAT-OpenFlow.ogg><820.9081><89.8775><0.3152174><0.8630434><4082.908><273.8775><-135.3553><-186.3553><0><0.6869566, OMNI><SO_WAT-OpenFlow.ogg><505.3973><502.3647><0.2282609><1, SPOT><SO_WAT-LilDrips.ogg><616.5671><567.3308><0.25><1><2561.567><151.3308><-125.3553><-61.35535><0><0.3391306, 
FadePalette: 10, 0.6956522, 0.6956522, 0.6956522, 0.6956522
WetTerrain: OFF
