Template: NONE
DangerType: None
CeilingDrips: 0
RainIntensity: 0
RumbleIntensity: 0
WaveSpeed: 0.6457406
WaveLength: 0.9271297
WaveAmplitude: 9.413954E-05
SecondWaveLength: 1
SecondWaveAmplitude: 0.0001
Clouds: 0.326087
Grime: 0.07608695
BkgDroneVolume: 0
Palette: 11
Effects: LightBurn-0.25-20-87, VoidSpawn-0.25-20-20, HeatWave-0.75-13-141, 
PlacedObjects: LightSource><4584.368><711.3998><0.5869565~White~56~-112~50~86.60254~1~0~None~0~0, LightSource><4088.587><711.4298><0.5543478~White~122~-23~50~86.60254~1~0~None~0~0, WaterNut><318.3045><224.2922><-438~324~2~3, WaterNut><289.0686><229.0621><-408~233~2~3, WaterNut><237.367><227.5878><0~0~2~3, LightSource><4942.584><552.5688><0.1521739~Environment~-305~-54~-590~-210.3975~1~1~None~0~0, LightSource><4959.698><535.9724><0.7608696~Environment~-374~-52~-626~-280.3975~1~0~None~0~0, ReliableSpear><3101.409><229.8218><, ReliableSpear><4800.38><99.41003><, ReliableSpear><4512.315><59.92468><, ReliableSpear><4656.696><58.45959><, Filter><284.4174><252.0679><0~100~53~178~White|Yellow|Rivulet|Saint, Filter><778.6898><216.0632><-45~326~-180~216~Red|Artificer|Spear|Gourmand, LillyPuck><989.95><179.7457><0~0~2~3, LillyPuck><892.9138><179.6353><0~0~2~3, LillyPuck><578.6193><176.5986><0~0~2~3, LillyPuck><1802.152><180.3802><858~-119~2~3, LillyPuck><1869.163><176.3654><594~-60~2~3, Filter><1865.387><192.1042><0~100~-285~129~Red|Artificer|Spear|Gourmand, LillyPuck><4160.374><178.6572><0~0~2~3, LillyPuck><4099.059><178.4415><0~0~2~3, LillyPuck><3990.318><178.312><0~0~2~3, Filter><4094.875><244.5942><6~182~-10~227~Red|Artificer|Spear|Gourmand, Filter><4845.828><567.5659><4~60~-361~-14~White|Yellow|Rivulet|Saint, WaterNut><4851.08><548.4336><0~0~2~3, WaterNut><4876.137><570.1041><0~0~2~3, Vine><3453.922><231.1034><-163~214, Vine><3647.105><297.6708><-421~143, Vine><2266.167><476.1393><346~3, Vine><2692.377><481.5954><158~-1, Vine><3022.178><480.3419><42~-257, Vine><1184.663><481.1337><742~36, Vine><324.8914><164.6679><248~369, Vine><70.4498><406.26><174~151, Vine><461.1277><520.5961><638~-45, 
AmbientSounds: OMNI><SO_WAT-OpenFlow.ogg><863.6938><631.7009><0.4021739><1, SPOT><SO_WAT-Pour.ogg><760.1299><302.6599><0.2608696><0.823913><1124.13><141.6599><-104.3553><-19.35535><0><0.4260871, SPOT><SO_WAT-RunningWater.ogg><755.6835><450.0614><0.2826087><1><1153.684><137.0614><-174.3553><37.64465><0><0.2630436, SPOT><SO_WAT-RunningWater.ogg><574.5975><562.6294><0.3152174><1><423.5975><125.6294><-205.3553><-43.35535><0><0.3391306, SPOT><SO_WAT-Pour.ogg><571.0476><446.4442><0.2173913><0.823913><485.0476><116.4442><-128.3553><-72.35535><0><0.2847827, SPOT><SO_WAT-RunningWater.ogg><746.9457><183.7086><0.3586957><1><3264.946><165.7086><-146.3553><-47.35535><0><0.3934784, SPOT><SO_WAT-RunningWater.ogg><339.9147><466.8864><0.2282609><1><3276.915><150.8864><-62.35535><-39.35535><0><0.3065219, 
FadePalette: 10, 0.8260869, 0.8260869, 0.8478261, 0.5326087, 0.9456522
WetTerrain: OFF
