Template: SH_SettingsTemplate_DarkSun
DangerType: Blizzard
CeilingDrips: 0
RainIntensity: 0.7717391
RumbleIntensity: 0
WaveSpeed: 0.5105102
WaveLength: 0.8018101
WaveAmplitude: 0.03858694
SecondWaveLength: 1
SecondWaveAmplitude: 0.0001
Clouds: 0.6521739
Palette: 13
EffectColorA: 18
Effects: Fog-1-21-75, LightBurn-0.1086956-19-23, FireFlies-0-16-134, RockFlea-0.06521739-278-21, BkgOnlyLightning-0-276-78, Coldness-1-275-133, 
PlacedObjects: LightSource><840.9582><329.1956><0.06521739~EffectColor1~-193~134~-642~-241.3975~0~1~None~0~0, LightSource><895.0863><325.1351><0.05434782~EffectColor1~-119~109~-431~-237.3975~0~1~Fade~0.6195652~0, LightBeam><1099.13><60.36365><-261~754~1821~767~3168~-83~376~38~0.03043531~0~0~1~None~0~0, LightSource><858.9314><325.1657><0.07608695~EffectColor1~-104~156~-115~-238.3975~0~0~None~0~0, LightSource><566.6306><447.1516><0.06521739~White~-550~413~-243~172.6025~1~1~None~0~0, InsectGroup><3047.517><386.0507><-548~128~284~-338~FireFly~0.2608696, NoSpearStickZone><4080.895><517.9205><-146~155, CustomDecal><2221.833><248.6399><-40~380~479~341~426~-30~356~-379.0001~0.5869565~1~0~DirtyWaterLine~0.3152174~0.5108696~0.3152174~0.5108696~0.3152174~0.5108696~0.3152174~0.5108696, SnowSource><3706.803><701.7861><Radial~-648~-230~60~-665.3975~0.5760869~0.8804348, SnowSource><3871.42><459.8557><Radial~-8~218~-101~-330.3975~0.5978261~0.2391304, SnowSource><3103.629><423.6589><Radial~357~-109~50~86.60254~0.326087~0.173913, SnowSource><2429.377><448.9077><Radial~555~-235~402~-415.3975~0.3478261~0.75, SnowSource><2284.699><524.272><Radial~349~41~394~-346.3975~0.6956522~0.326087, SnowSource><1342.324><531.0956><Radial~488~-158~403~-396.3975~0.6304348~1, SnowSource><1409.337><435.1156><Radial~190~151~339~-391.3975~0.4130435~0.6086956, SnowSource><1057.665><491.1808><Radial~93~281~-988~-288.3975~0.4673913~1, SnowSource><902.5582><386.8068><Radial~88~143~-851~-104.3975~0.4456522~0.326087, 
AmbientSounds: OMNI><AM_ENV-CityTone.ogg><807.2756><566.0516><0.2065217><1, OMNI><AM_RAIN-Rumbles.ogg><630.4341><568.1719><0><1, OMNI><AM_ENV-NatWind.ogg><811.5423><633.8045><0.1956522><1, 
FadePalette: 10, 0.8478261, 0.8478261, 0.8478261, 0.8478261
WetTerrain: OFF
