CeilingDrips: 0
RainIntensity: 0
RumbleIntensity: 0
WaveSpeed: 0.51
WaveLength: 1
WaveAmplitude: 0.0001
SecondWaveLength: 1
SecondWaveAmplitude: 0.0001
Grime: 0.2826087
Palette: 4
EffectColorB: 11
Effects: HeatWave-0.1956522-276-19, Fog-0-274-76, SilenceWater-0.3913043-22-129, WaterDepth-0.05434782-251-125, FireFlies-0.5326087-251-186, 
PlacedObjects: LightSource><454.948><295.8069><0.25~EffectColor2~197~-85~50~86.60254~0~1~None~0~0, LightSource><456.0652><290.1891><0.2282609~EffectColor2~-616~-318~66~-23.39746~0~0~Fade~0.5760869~0, LightSource><455.4757><290.5515><0.1195652~EffectColor2~348~-234~-518~88.60254~0~0~None~0~0, Vine><694.1651><506.6811><17~-191, 
AmbientSounds: OMNI><AM_IND-Utility02.ogg><837.3013><645.9775><0><1, OMNI><SO_IND-HeatDuct.ogg><840.5117><576.3004><0.1086956><1, OMNI><AM_SUB-BlankState.ogg><655.0673><563.9188><0.2391304><1, OMNI><SO_WAT-LilDrips.ogg><481.129><636.8472><0.4565217><1, OMNI><AM_ENV-CricketsWnd.ogg><757.8168><495.5803><0.3043478><1, SPOT><AM_WIN-SubWnd.ogg><762.2275><357.3013><0.2717391><1><15.22754><290.3013><216.6447><-63.35535><0><1, 
Triggers: Spot<tA>event<tB>MusicEvent<eA>songName<eB>RW_51 - Swaying Fronds<eA>vol<eB>0.3<eA>prio<eB>0.5<eA>mxThrt<eB>1<eA>loop<eB>0<eA>droneTol<eB>0<eA>rooms<eB>6<eA>rest<eB>5<eA>fadeIn<eB>163.0435<eA>oneSongPerCycle<eB>0<eA>stopAtDeath<eB>0<eA>stopAtGate<eB>0<tA>multiUse<tB>0<tA>toCycle<tB>-1<tA>fromCycle<tB>0<tA>delay<tB>0<tA>panPos<tB>638.0625<tB>557.1899<tA>fireChance<tB>1<tA>entrance<tB>-1<tA>karma<tB>0<tA>slugcats<tB><tA>pos<tB>402.0625<tB>303.19<tA>handlePos<tB>-272.3553<tB>-120.3553, 
FadePalette: 10, 0.7391304
WetTerrain: OFF
