DangerType: Rain
CeilingDrips: 0
RainIntensity: 0
RumbleIntensity: 0
WaveSpeed: 0.51
WaveLength: 1
WaveAmplitude: 0.0001
SecondWaveLength: 1
SecondWaveAmplitude: 0.0001
Palette: 4
Effects: SilenceWater-0.3043478-16-137, HeatWave-0.1521739-268-22, 
PlacedObjects: Mushroom><436.3788><552.4135><0~0~2~3, Mushroom><412.4229><559.23><0~0~2~3, Mushroom><382.5753><551.6663><0~0~2~3, CustomDecal><73.55072><18.76666><3~122~982~121~993~-11~-173~293~0.2173913~0.8913044~0~DirtyWaterLine~1~1~1~1~0.6630435~1~0.5760869~1, CustomDecal><501.4465><-58.9631><-40~785~217~767~195~-28~329~-83~0.5326087~1~0~Rust2~1~0.6195652~1~0.6195652~0.5543478~0.6195652~0.5108696~0.6195652, CustomDecal><207.8346><140.3624><65~115~244~3~178~-94~220~-353~0~1~0~WhiteTag4~0.6630435~0.09782609~0.8043478~0.4456522~0~0.8152174~0~0.6304348, CentipedeAttractor><735.8422><439.127><100~112, CentipedeAttractor><293.1788><282.3395><-52~134, SteamPipe><484.1995><506.4856><18~-7, SteamPipe><453.8517><508.6343><28~-45, SteamPipe><333.9748><536.3016><-10~25, SteamPipe><251.1476><507.365><-6~-28, SteamPipe><749.5673><525.5812><-21~-41, SteamPipe><837.584><529.3884><28~-28, Stowaway><809.402><510.5756><5~-49, Stowaway><351.3001><489.7559><6~-47, WallMycelia><824.1578><50.12886><-8~144, WallMycelia><573.9613><44.80522><21~159, Vine><190.2499><474.45><413~2, 
AmbientSounds: SPOT><SO_IND-Fridge.ogg><755.9488><368.5219><0.2173913><0.8434783><349.9488><659.5219><-81.35535><2.644653><0><0.4260871, SPOT><AM_ENV-LushNight.ogg><828.564><462.0605><0.3586957><1><1070.564><442.0605><-191.3553><-12.35535><0><0.9695653, 
FadePalette: 11, 0.5978261
WetTerrain: OFF
